Code
90143023
23413
90143050
20304
19914
26083
90143024
90031790
27065
90140588
90111904
90013054
20385
90117936
90112534
90102128
90134808
90143020
90140920
90013014
5550
90142788
90118145
90017516
90035511
90109591
22139
90143149
90122457
21230
90029995
18680
90020393
90136654
11356
90142709
23328
90143144
23904
90137064
90143021
90097831
90143013
90048276
23783
90134322
90005210
90038057
90143176
22280
21572
90143194
19811
90143019
24781
90123435
21158
90050262
22483
90143058
90142784
22794
90136853
90061215
90143115
90143012
22293
3264
90142934
24578
90136883
90036616
90142632
90137312
5481
90139082
90142863
90034782
90143014
11141
5480
90142439
90143097
90142716
90142622
90025628
90136342
4870
90120366
90112581
22153
90137237
90097954
90076554
90124620
23270
90137948
90143193
90062820
90139083
15794
4092
11425
19573
90137135
90143153
90143010
20388
90036580
90128099
90119574
90142786
90143145
17482
90142985
90123187
19783
90142743
90138283
24065
19133
90027926
22473
23650
90142752
90125103
90118868
90143147
3737
90143057
90142768
23672
90142363
27048
90118009
90143094
23797
24577
90143026
90137841
24719
18645
90143056
22249
90094438
90143038
90143179
3413
90021739
24373
3203
18062
90046215
20898
90137067
20728
90143016
90052764
25893
90142570
5793
10793
16026
90132797
4856
90078972
5565
90140365
90107987
90143059
90143158
23238
90130583
23234
22560
90121485
4953
90117684
90113862
90143180
90143111
20453
90142933
90138269
90095836
90143074
90143015
90097707
90142767
90136761
90025687
90139480
90143017
90101732
90142462
19989
90143181
90142643
90137339
90009894
5320
90037431
90134628
90025905
90117313
90142989
20467
90142717
90077578
90120920
90140338
90033794
90061822
20494
90143151
18952
25480
23226
90143018
90128100
24490
90034638
24284
16002
22388
90142753
90108942
19956
23410
90115836
90118157
16068
24687
15734
90143025
90143128
19829
90124875
90113957
21191
90010755
90143146
23485
90124461
90143114
90021096
90143027
6196
90143104
24410
90143071
90143040
90107544
90117309
90040292
90123311
90047222
90110975
90137236
90127269
11103
90142876
90060761
90008541
90011148
90061280
90143143
90143022
20330
90094440
23059
90143039
90119348
90124876
4938
90142983
90142956
23211
90069538
90116535
90074270
90122667
90143148
22110
90031820
18164
4937
90139733
90076757